x=-0.0455545894801617
y=0.040543619543314
z=-0.130879402160645
rx=354.812194824219
ry=186.641494750977
rz=301.6708984375
fov=42.3022117614746
near=0.01
far=10000
nearOffset=-100
disableStandardAssets=False
frameSkip=0