x=0.060147549957037
y=-0.135412693023682
z=-0.195476293563843
rx=63.120719909668
ry=97.1513366699219
rz=181.339797973633
fov=37.7658615112305
near=0.01
far=10000
nearOffset=-100
disableStandardAssets=False
frameSkip=0