x=0.0744576305150986
y=-0.204023897647858
z=-0.200871795415878
rx=62.0017890930176
ry=93.6079864501953
rz=179.762298583984
fov=38.7789497375488
near=0.01
far=10000
nearOffset=-100
disableStandardAssets=False
frameSkip=0